  x = 1.10000
dof = 9
  p = 0.35006