  x = 1.18120
dof = 10
  p = 0.36757