  x = 1100.10000
dof = 9
  p = 0.50000