  x = 2.75000
dof = 30
  p = 0.49500